0 0.150206 0.464286 0.061728 0.846939
0 0.250000 0.525510 0.096708 0.540816
0 0.367284 0.632653 0.092593 0.734694
0 0.452675 0.474490 0.053498 0.683673
0 0.538066 0.448980 0.092593 0.734694
0 0.748971 0.489796 0.176955 0.775510
0 0.930041 0.464286 0.094650 0.642857
2 0.399177 0.846939 0.485597 0.000000
2 0.738683 0.867347 0.518519 0.000000
2 0.238683 0.877551 0.477366 0.000000
2 0.815844 0.836735 0.364198 0.000000
2 0.097737 0.852041 0.067901 0.010204
2 0.370370 0.525510 0.082305 0.010204
2 0.674897 0.250000 0.061728 0.051020
2 0.655350 0.765306 0.067901 0.000000
