0 0.092973 0.578947 0.142703 0.688995
0 0.225405 0.540670 0.074595 0.688995
1 0.354595 0.523923 0.101622 0.655502
0 0.481081 0.423445 0.099459 0.674641
0 0.680541 0.523923 0.085405 0.952153
0 0.803243 0.430622 0.082162 0.679426
2 0.102703 0.605263 0.047568 0.014354
2 0.329189 0.507177 0.048649 0.019139
2 0.078919 0.464115 0.034595 0.000000
2 0.231892 0.504785 0.033514 0.004785
2 0.661081 0.492823 0.035676 0.009569
2 0.360541 0.538278 0.037838 0.014354
2 0.125946 0.540670 0.035676 0.009569
2 0.447568 0.667464 0.034595 0.023923
2 0.208108 0.255981 0.042162 0.014354
2 0.125405 0.555024 0.034595 0.009569
2 0.592973 0.050239 0.035676 0.014354
2 0.817838 0.155502 0.035676 0.004785
2 0.784865 0.722488 0.032432 0.019139
2 0.098378 0.691388 0.032432 0.014354
2 0.232432 0.511962 0.034595 0.009569
