0 0.411215 0.235294 0.130841 0.091503
0 0.607477 0.238562 0.149533 0.098039
0 0.794393 0.261438 0.112150 0.104575
0 0.378505 0.405229 0.102804 0.091503
0 0.369159 0.588235 0.121495 0.091503
0 0.570093 0.588235 0.130841 0.078431
0 0.836449 0.614379 0.121495 0.117647
0 0.294393 0.915033 0.084112 0.130719
0 0.579439 0.921569 0.130841 0.117647
0 0.747664 0.915033 0.112150 0.130719
0 0.855140 0.928105 0.121495 0.104575
2 0.495327 0.156863 0.990654 0.000000
2 0.495327 0.143791 0.990654 0.000000
2 0.191589 0.816993 0.327103 0.013072
2 0.462617 0.843137 0.289720 0.000000
2 0.565421 0.826797 0.345794 0.006536
