2 0.543750 0.965278 0.379167 0.006944
2 0.854167 0.732639 0.133333 0.000000
2 0.654167 0.157986 0.183333 0.003472
2 0.497917 0.175347 0.145833 0.003472
2 0.541667 0.953125 0.208333 0.003472
2 0.347917 0.732639 0.195833 0.000000
2 0.256250 0.171875 0.262500 0.003472
2 0.356250 0.958333 0.154167 0.000000
2 0.320833 0.753472 0.216667 0.000000
2 0.291667 0.972222 0.158333 0.000000
2 0.127083 0.187500 0.254167 0.006944
2 0.339583 0.180556 0.162500 0.000000
2 0.147917 0.961806 0.145833 0.006944
2 0.908333 0.159722 0.175000 0.006944
2 0.104167 0.975694 0.208333 0.006944
